255 255 255 255 255 255 255 255 255 255 255 255 255 255 255 255
255 255 255 255 255   0   0 255   0 255   0 255 255 255 255 255
255 255   0   0 255   0 255 255   0 255   0 255   0   0 255 255
255 255   0   0 255   0 128   0 128 128   0 255   0   0 255 255
255 255 255 255 255   0 255 255 255   0   0 255 255 255 255 255
255   0   0   0   0   0   0 255 255   0   0   0   0   0   0 255
255 255   0 128 255   0 255 255   0 255 255 255 128 255   0 255
255   0 255   0 255 255   0 255 255 255   0 255 255   0   0 255
255   0 255 128 255 255 255 255 255 255   0 255 255   0   0 255
255 255 255 128 255   0 255 255 255   0   0 255 128   0   0 255
255   0   0   0   0   0 255 255   0 255   0   0 128   0   0 255
255 255 255 255 255   0 255   0   0   0 255   0   0 255   0 255
255 255   0   0 255   0 128 128 128 255   0 128 191   0 128 255
255 255   0   0 255   0   0 255 255   0 255 255 128 255 255 255
255 255 255 255 255   0 255   0 255 255   0 255 255   0 255 255
255 255 255 255 255 255 255 255 255 255 255 255 255 255 255 255
255 255 255 255 255 255 255 255 255 255 255 255 255 255 255 255
255 255 255 255 255   0   0 255   0 255   0 255 255 255 255 255
255 255   0   0 255   0 255 255   0 255   0 255   0   0 255 255
255 255   0   0 255   0 128   0 128 128   0 255   0   0 255 255
255 255 255 255 255   0 255 255 255   0   0 255 255 255 255 255
255   0   0   0   0   0   0 255 255   0   0   0   0   0   0 255
255 255   0 128 255   0 255 255   0 255 255 255 128 255   0 255
255   0 255   0 255 255   0 255 255 255   0 255 255   0   0 255
255   0 255 128 255 255 255 255 255 255   0 255 255   0   0 255
255 255 255 128 255   0 255 255 255   0   0 255 128   0   0 255
255   0   0   0   0   0 255 255   0 255   0   0 128   0   0 255
255 255 255 255 255   0 255   0   0   0 255   0   0 255   0 255
255 255   0   0 255   0 128 128 128 255   0 128 191   0 128 255
255 255   0   0 255   0   0 255 255   0 255 255 128 255 255 255
255 255 255 255 255   0 255   0 255 255   0 255 255   0 255 255
255 255 255 255 255 255 255 255 255 255 255 255 255 255 255 255
255 255 255 255 255 255 255 255 255 255 255 255 255 255 255 255
255 255 255 255 255   0   0 255   0 255   0 255 255 255 255 255
255 255   0   0 255   0 255 255   0 255   0 255   0   0 255 255
255 255   0   0 255   0 128   0 128 128   0 255   0   0 255 255
255 255 255 255 255   0 255 255 255   0   0 255 255 255 255 255
255   0   0   0   0   0   0 255 255   0   0   0   0   0   0 255
255 255   0 128 255   0 255 255   0 255 255 255 128 255   0 255
255   0 255   0 255 255   0 255 255 255   0 255 255   0   0 255
255   0 255 128 255 255 255 255 255 255   0 255 255   0   0 255
255 255 255 128 255   0 255 255 255   0   0 255 128   0   0 255
255   0   0   0   0   0 255 255   0 255   0   0 128   0   0 255
255 255 255 255 255   0 255   0   0   0 255   0   0 255   0 255
255 255   0   0 255   0 128 128 128 255   0 128 191   0 128 255
255 255   0   0 255   0   0 255 255   0 255 255 128 255 255 255
255 255 255 255 255   0 255   0 255 255   0 255 255   0 255 255
255 255 255 255 255 255 255 255 255 255 255 255 255 255 255 255

231 177 177 177 177 210 255 227 227 200 210 231 214 200 224 231
177  94 155 155 134 110 140 118 118  30  43  96 128 151 215 224
177 155  42  22 180 110 230 124 124  86  77 126  37 195  77 200
177 155  22   0 177 110 162 208 208 129 133  39 191 161 202 214
177 134 180 177 184 110 222 217 217 152  58  36 128 213 204 231
210 110 110 110 110 173 248 160 160 119  62  99  52 210 110 210
255 248 244 156  77  72 197 193 193 110 176  53 214 131 185 200
255 153  26 128 227 132  33 224 224 126  49  88 125 227 200 255
255 255 156  42 198 204 193 224 224 169 216 138 132 177  99 255
255 146 236 151 198 154 247  77 149 158 177 216 156 127 178 200
210 110 110 110 110 173 154 204 132  72 173 110 110 110 110 210
177 134 180 177 184 110 198 152 152 198 110 184 177 180 134 177
177 155  22   0 177 110 151  46 125 156 110 177   0  22 155 177
177 155  42  22 180 110 127 122 159 254 110 180  22  42 155 177
177  94 155 155 134 110 178 153  88 244 110 134 155 155  94 177
231 177 177 177 177 210 200 255 204 251 210 177 177 177 177 231
231 177 177 177 177 210 255 227 227 200 210 231 214 200 224 231
177  94 155 155 134 110 140 118 118  30  43  96 128 151 215 224
177 155  42  22 180 110 230 124 124  86  77 126  37 195  77 200
177 155  22   0 177 110 162 208 208 129 133  39 191 161 202 214
177 134 180 177 184 110 222 217 217 152  58  36 128 213 204 231
210 110 110 110 110 173 248 160 160 119  62  99  52 210 110 210
255 248 244 156  77  72 197 193 193 110 176  53 214 131 185 200
255 153  26 128 227 132  33 224 224 126  49  88 125 227 200 255
255 255 156  42 198 204 193 224 224 169 216 138 132 177  99 255
255 146 236 151 198 154 247  77 149 158 177 216 156 127 178 200
210 110 110 110 110 173 154 204 132  72 173 110 110 110 110 210
177 134 180 177 184 110 198 152 152 198 110 184 177 180 134 177
177 155  22   0 177 110 151  46 125 156 110 177   0  22 155 177
177 155  42  22 180 110 127 122 159 254 110 180  22  42 155 177
177  94 155 155 134 110 178 153  88 244 110 134 155 155  94 177
231 177 177 177 177 210 200 255 204 251 210 177 177 177 177 231
231 177 177 177 177 210 255 227 227 200 210 231 214 200 224 231
177  94 155 155 134 110 140 118 118  30  43  96 128 151 215 224
177 155  42  22 180 110 230 124 124  86  77 126  37 195  77 200
177 155  22   0 177 110 162 208 208 129 133  39 191 161 202 214
177 134 180 177 184 110 222 217 217 152  58  36 128 213 204 231
210 110 110 110 110 173 248 160 160 119  62  99  52 210 110 210
255 248 244 156  77  72 197 193 193 110 176  53 214 131 185 200
255 153  26 128 227 132  33 224 224 126  49  88 125 227 200 255
255 255 156  42 198 204 193 224 224 169 216 138 132 177  99 255
255 146 236 151 198 154 247  77 149 158 177 216 156 127 178 200
210 110 110 110 110 173 154 204 132  72 173 110 110 110 110 210
177 134 180 177 184 110 198 152 152 198 110 184 177 180 134 177
177 155  22   0 177 110 151  46 125 156 110 177   0  22 155 177
177 155  42  22 180 110 127 122 159 254 110 180  22  42 155 177
177  94 155 155 134 110 178 153  88 244 110 134 155 155  94 177
231 177 177 177 177 210 200 255 204 251 210 177 177 177 177 231

231 224 200 214 231 210 200 255 255 200 210 177 177 177 177 231
224 215  77 202 204 110 185 200  99 178 110 134 155 155  94 177
200 151 195 161 213 210 131 227 177 127 110 180  22  42 155 177
214 128  37 191 128  52 214 125 132 156 110 177   0  22 155 177
231  96 126  39  36  99  53  88 138 216 110 184 177 180 134 177
210  43  77 133  58  62 176  49 216 177 173 110 110 110 110 210
200  30  86 129 152 119 110 126 169 158  72 198 156 254 244 251
227 118 124 208 217 160 193 224 224 149 132 152 125 159  88 204
227 118 124 208 217 160 193 224 224  77 204 152  46 122 153 255
255 140 230 162 222 248 197  33 193 247 154 198 151 127 178 200
210 110 110 110 110 173  72 132 204 154 173 110 110 110 110 210
177 134 180 177 184 110  77 227 198 198 110 184 177 180 134 177
177 155  22   0 177 110 156 128  42 151 110 177   0  22 155 177
177 155  42  22 180 110 244  26 156 236 110 180  22  42 155 177
177  94 155 155 134 110 248 153 255 146 110 134 155 155  94 177
231 177 177 177 177 210 255 255 255 255 210 177 177 177 177 231
231 224 200 214 231 210 200 255 255 200 210 177 177 177 177 231
224 215  77 202 204 110 185 200  99 178 110 134 155 155  94 177
200 151 195 161 213 210 131 227 177 127 110 180  22  42 155 177
214 128  37 191 128  52 214 125 132 156 110 177   0  22 155 177
231  96 126  39  36  99  53  88 138 216 110 184 177 180 134 177
210  43  77 133  58  62 176  49 216 177 173 110 110 110 110 210
200  30  86 129 152 119 110 126 169 158  72 198 156 254 244 251
227 118 124 208 217 160 193 224 224 149 132 152 125 159  88 204
227 118 124 208 217 160 193 224 224  77 204 152  46 122 153 255
255 140 230 162 222 248 197  33 193 247 154 198 151 127 178 200
210 110 110 110 110 173  72 132 204 154 173 110 110 110 110 210
177 134 180 177 184 110  77 227 198 198 110 184 177 180 134 177
177 155  22   0 177 110 156 128  42 151 110 177   0  22 155 177
177 155  42  22 180 110 244  26 156 236 110 180  22  42 155 177
177  94 155 155 134 110 248 153 255 146 110 134 155 155  94 177
231 177 177 177 177 210 255 255 255 255 210 177 177 177 177 231
231 224 200 214 231 210 200 255 255 200 210 177 177 177 177 231
224 215  77 202 204 110 185 200  99 178 110 134 155 155  94 177
200 151 195 161 213 210 131 227 177 127 110 180  22  42 155 177
214 128  37 191 128  52 214 125 132 156 110 177   0  22 155 177
231  96 126  39  36  99  53  88 138 216 110 184 177 180 134 177
210  43  77 133  58  62 176  49 216 177 173 110 110 110 110 210
200  30  86 129 152 119 110 126 169 158  72 198 156 254 244 251
227 118 124 208 217 160 193 224 224 149 132 152 125 159  88 204
227 118 124 208 217 160 193 224 224  77 204 152  46 122 153 255
255 140 230 162 222 248 197  33 193 247 154 198 151 127 178 200
210 110 110 110 110 173  72 132 204 154 173 110 110 110 110 210
177 134 180 177 184 110  77 227 198 198 110 184 177 180 134 177
177 155  22   0 177 110 156 128  42 151 110 177   0  22 155 177
177 155  42  22 180 110 244  26 156 236 110 180  22  42 155 177
177  94 155 155 134 110 248 153 255 146 110 134 155 155  94 177
231 177 177 177 177 210 255 255 255 255 210 177 177 177 177 231

231 177 177 177 177 210 251 204 255 200 210 177 177 177 177 231
177  94 155 155 134 110 244  88 153 178 110 134 155 155  94 177
177 155  42  22 180 110 254 159 122 127 110 180  22  42 155 177
177 155  22   0 177 110 156 125  46 151 110 177   0  22 155 177
177 134 180 177 184 110 198 152 152 198 110 184 177 180 134 177
210 110 110 110 110 173  72 132 204 154 173 110 110 110 110 210
200 178 127 156 216 177 158 149  77 247 154 198 151 236 146 255
255  99 177 132 138 216 169 224 224 193 204 198  42 156 255 255
255 200 227 125  88  49 126 224 224  33 132 227 128  26 153 255
200 185 131 214  53 176 110 193 193 197  72  77 156 244 248 255
210 110 210  52  99  62 119 160 160 248 173 110 110 110 110 210
231 204 213 128  36  58 152 217 217 222 110 184 177 180 134 177
214 202 161 191  39 133 129 208 208 162 110 177   0  22 155 177
200  77 195  37 126  77  86 124 124 230 110 180  22  42 155 177
224 215 151 128  96  43  30 118 118 140 110 134 155 155  94 177
231 224 200 214 231 210 200 227 227 255 210 177 177 177 177 231
231 177 177 177 177 210 251 204 255 200 210 177 177 177 177 231
177  94 155 155 134 110 244  88 153 178 110 134 155 155  94 177
177 155  42  22 180 110 254 159 122 127 110 180  22  42 155 177
177 155  22   0 177 110 156 125  46 151 110 177   0  22 155 177
177 134 180 177 184 110 198 152 152 198 110 184 177 180 134 177
210 110 110 110 110 173  72 132 204 154 173 110 110 110 110 210
200 178 127 156 216 177 158 149  77 247 154 198 151 236 146 255
255  99 177 132 138 216 169 224 224 193 204 198  42 156 255 255
255 200 227 125  88  49 126 224 224  33 132 227 128  26 153 255
200 185 131 214  53 176 110 193 193 197  72  77 156 244 248 255
210 110 210  52  99  62 119 160 160 248 173 110 110 110 110 210
231 204 213 128  36  58 152 217 217 222 110 184 177 180 134 177
214 202 161 191  39 133 129 208 208 162 110 177   0  22 155 177
200  77 195  37 126  77  86 124 124 230 110 180  22  42 155 177
224 215 151 128  96  43  30 118 118 140 110 134 155 155  94 177
231 224 200 214 231 210 200 227 227 255 210 177 177 177 177 231
231 177 177 177 177 210 251 204 255 200 210 177 177 177 177 231
177  94 155 155 134 110 244  88 153 178 110 134 155 155  94 177
177 155  42  22 180 110 254 159 122 127 110 180  22  42 155 177
177 155  22   0 177 110 156 125  46 151 110 177   0  22 155 177
177 134 180 177 184 110 198 152 152 198 110 184 177 180 134 177
210 110 110 110 110 173  72 132 204 154 173 110 110 110 110 210
200 178 127 156 216 177 158 149  77 247 154 198 151 236 146 255
255  99 177 132 138 216 169 224 224 193 204 198  42 156 255 255
255 200 227 125  88  49 126 224 224  33 132 227 128  26 153 255
200 185 131 214  53 176 110 193 193 197  72  77 156 244 248 255
210 110 210  52  99  62 119 160 160 248 173 110 110 110 110 210
231 204 213 128  36  58 152 217 217 222 110 184 177 180 134 177
214 202 161 191  39 133 129 208 208 162 110 177   0  22 155 177
200  77 195  37 126  77  86 124 124 230 110 180  22  42 155 177
224 215 151 128  96  43  30 118 118 140 110 134 155 155  94 177
231 224 200 214 231 210 200 227 227 255 210 177 177 177 177 231
